        Length / m                curve1_e-field (f=1) (2)/real
----------------------------------------------------------------------
                       0                      0.29809275
               2.4960999                      0.29762674
               4.9921999                      0.29716133
               7.4882998                      0.29669654
               9.9843998                      0.29623235
               12.480499                      0.29576879
                 14.9766                      0.29530585
                 17.4727                      0.29484352
                 19.9688                      0.29438182
               22.464899                      0.29392073
               24.960999                       0.2934603
                 27.4571                      0.29300049
               29.953199                      0.29254132
               32.449299                      0.29208278
                 34.9454                      0.29162488
               37.441498                      0.29116764
               39.937599                      0.29071103
               42.433701                      0.29025509
               44.929798                      0.28979979
                 47.4259                      0.28934516
               49.921997                      0.28889118
               52.418098                      0.28843787
                 54.9142                      0.28798523
               57.410297                      0.28753326
               59.906399                      0.28708196
                 62.4025                      0.28663133
               64.898598                      0.28618138
               67.394699                      0.28573213
                 69.8908                      0.28528354
               72.386902                      0.28483565
               74.882996                      0.28438846
               77.379097                      0.28394196
               79.875198                      0.28349616
                 82.3713                      0.28305107
               84.867401                      0.28260668
               87.363495                        0.282163
               89.859596                      0.28172003
               92.355698                      0.28127776
               94.851799                      0.28083623
                 97.3479                      0.28039543
               99.843994                      0.27995533
                102.3401                      0.27951598
                104.8362                      0.27907735
                107.3323                      0.27863947
                109.8284                      0.27820231
                112.3245                      0.27776591
               114.82059                      0.27733026
                117.3167                      0.27689535
                119.8128                       0.2764612
                122.3089                      0.27602779
                 124.805                      0.27559516
               127.30109                      0.27516329
                129.7972                      0.27473218
                132.2933                      0.27430186
                134.7894                       0.2738723
               137.28549                      0.27344352
                139.7816                      0.27301552
               142.27769                      0.27258833
                144.7738                      0.27216191
                147.2699                      0.27173629
               149.76599                      0.27131146
                152.2621                      0.27088743
               154.75819                      0.27046422
                157.2543                      0.27004171
                159.7504                      0.26961973
               162.24649                      0.26919828
                164.7426                      0.26877738
               167.23869                      0.26835704
                169.7348                      0.26793725
                172.2309                      0.26751801
               174.72699                      0.26709933
                177.2231                      0.26668121
               179.71919                      0.26626366
                182.2153                      0.26584665
                184.7114                      0.26543024
               187.20749                      0.26501439
                189.7036                       0.2645991
               192.19969                       0.2641844
                194.6958                      0.26377028
               197.19189                      0.26335674
               199.68799                      0.26294379
                202.1841                      0.26253141
               204.68019                      0.26211964
                207.1763                      0.26170845
               209.67239                      0.26129785
                212.1685                      0.26088786
                214.6646                      0.26047848
               217.16069                       0.2600697
                219.6568                       0.2596615
               222.15289                      0.25925394
                 224.649                      0.25884698
                227.1451                      0.25844065
               229.64119                      0.25803492
                232.1373                      0.25762981
               234.63339                      0.25722534
                237.1295                      0.25682149
                239.6256                      0.25641827
               242.12169                      0.25601569
                244.6178                      0.25561374
               247.11389                      0.25521243
                  249.61                      0.25481175
               252.10609                      0.25441174
               254.60219                      0.25401237
                257.0983                      0.25361365
               259.59439                      0.25321557
               262.09048                      0.25281817
               264.58661                      0.25242142
                267.0827                      0.25202534
                269.5788                      0.25162991
               272.07489                      0.25123516
               274.57098                       0.2508411
               277.06711                       0.2504477
                279.5632                      0.25005497
                282.0593                      0.24966293
               284.55539                      0.24927159
               287.05148                      0.24888094
               289.54761                      0.24849096
                292.0437                      0.24810169
               294.53979                      0.24771312
               297.03589                      0.24732525
               299.53198                      0.24693808
               302.02811                      0.24655163
                304.5242                      0.24616589
               307.02029                      0.24578085
               309.51639                      0.24539655
               312.01248                      0.24501297
               314.50861                      0.24463011
                317.0047                      0.24424798
               319.50079                      0.24386634
               321.99689                      0.24348521
               324.49298                      0.24310458
               326.98911                      0.24272442
                329.4852                      0.24234477
               331.98129                      0.24196563
               334.47739                      0.24158698
               336.97348                      0.24120884
                339.4696                       0.2408312
                341.9657                      0.24045408
               344.46179                      0.24007748
               346.95789                      0.23970138
               349.45398                      0.23932579
                351.9501                      0.23895074
                354.4462                       0.2385762
               356.94229                      0.23820219
               359.43839                      0.23782871
               361.93448                      0.23745576
                364.4306                      0.23708333
                366.9267                      0.23671144
               369.42279                      0.23634008
               371.91888                      0.23596928
               374.41498                      0.23559901
                376.9111                      0.23522928
                379.4072                      0.23486011
               381.90329                      0.23449148
               384.39938                       0.2341234
               386.89548                      0.23375588
                389.3916                      0.23338892
                391.8877                      0.23302252
               394.38379                      0.23265668
               396.87988                       0.2322914
               399.37598                      0.23192671
                401.8721                      0.23156257
               404.36819                      0.23119901
               406.86429                      0.23083602
               409.36038                      0.23047363
               411.85651                       0.2301118
                414.3526                      0.22975056
               416.84869                      0.22938991
               419.34479                      0.22902986
               421.84088                      0.22867039
               424.33701                      0.22831151
                426.8331                      0.22795323
               429.32919                      0.22759557
               431.82529                       0.2272385
               434.32138                      0.22688204
                436.8175                      0.22652618
                439.3136                      0.22617096
               441.80969                      0.22581633
               444.30579                      0.22546233
               446.80188                      0.22510895
                 449.298                      0.22475619
                451.7941                      0.22440406
               454.29019                      0.22405256
               456.78629                       0.2237017
               459.28238                      0.22335147
                461.7785                      0.22300187
                464.2746                      0.22265293
               466.77069                      0.22230463
               469.26678                      0.22195698
               471.76288                      0.22160997
                 474.259                      0.22126362
                476.7551                      0.22091794
               479.25119                      0.22057283
               481.74728                      0.22022815
               484.24338                      0.21988391
                486.7395                      0.21954011
                489.2356                      0.21919678
               491.73169                      0.21885388
               494.22778                      0.21851144
               496.72388                      0.21816947
                  499.22                      0.21782793
               501.71609                      0.21748687
               504.21219                      0.21714627
               506.70828                      0.21680614
               509.20438                      0.21646646
                511.7005                      0.21612725
               514.19659                      0.21578852
               516.69269                      0.21545026
               519.18878                      0.21511248
               521.68488                      0.21477518
               524.18097                      0.21443834
               526.67706                        0.214102
               529.17322                      0.21376614
               531.66931                      0.21343075
               534.16541                      0.21309587
                536.6615                      0.21276148
               539.15759                      0.21242758
               541.65369                      0.21209417
               544.14978                      0.21176127
               546.64587                      0.21142887
               549.14197                      0.21109695
               551.63806                      0.21076556
               554.13422                      0.21043467
               556.63031                      0.21010428
                559.1264                      0.20977441
                561.6225                      0.20944507
               564.11859                      0.20911622
               566.61469                      0.20878791
               569.11078                      0.20846012
               571.60687                      0.20813285
               574.10297                       0.2078061
               576.59906                      0.20747989
               579.09521                       0.2071542
               581.59131                      0.20682906
                584.0874                      0.20650445
                586.5835                      0.20618039
               589.07959                      0.20585686
               591.57568                      0.20553388
               594.07178                      0.20521145
               596.56787                      0.20488957
               599.06396                      0.20456823
               601.56006                      0.20424745
               604.05621                      0.20392722
               606.55231                      0.20360757
                609.0484                      0.20328848
               611.54449                      0.20296995
               614.04059                      0.20265198
               616.53668                      0.20233459
               619.03278                      0.20201778
               621.52887                      0.20170153
               624.02496                      0.20138588
               626.52106                       0.2010708
               629.01721                       0.2007563
               631.51331                      0.20044239
                634.0094                      0.20012908
               636.50549                      0.19981635
               639.00159                      0.19950423
               641.49768                      0.19919251
               643.99377                      0.19888119
               646.48987                      0.19857029
               648.98596                      0.19825978
               651.48212                      0.19794968
               653.97821                      0.19763998
                656.4743                       0.1973307
                658.9704                      0.19702183
               661.46649                      0.19671338
               663.96259                      0.19640534
               666.45868                      0.19609772
               668.95477                      0.19579054
               671.45087                      0.19548376
               673.94696                      0.19517741
               676.44312                      0.19487148
               678.93921                      0.19456598
                681.4353                      0.19426091
                683.9314                      0.19395628
               686.42749                      0.19365208
               688.92358                      0.19334832
               691.41968                      0.19304501
               693.91577                      0.19274212
               696.41187                      0.19243968
               698.90796                      0.19213769
               701.40411                      0.19183613
               703.90021                      0.19153504
                706.3963                      0.19123439
                708.8924                      0.19093419
               711.38849                      0.19063445
               713.88458                      0.19033518
               716.38068                      0.19003636
               718.87677                        0.189738
               721.37286                      0.18944011
               723.86896                      0.18914268
               726.36511                      0.18884572
               728.86121                      0.18854923
                731.3573                      0.18825321
               733.85339                      0.18795767
               736.34949                      0.18766262
               738.84558                      0.18736804
               741.34167                      0.18707393
               743.83777                      0.18678032
               746.33386                      0.18648719
               748.82996                      0.18619454
               751.32611                      0.18590239
                753.8222                      0.18561073
                756.3183                      0.18531957
               758.81439                      0.18502891
               761.31049                      0.18473876
               763.80658                       0.1844491
               766.30267                      0.18415995
               768.79877                       0.1838713
               771.29486                      0.18358317
               773.79095                      0.18329554
               776.28711                      0.18300843
                778.7832                      0.18272184
                781.2793                      0.18243577
               783.77539                      0.18215023
               786.27148                      0.18186521
               788.76758                      0.18158071
               791.26367                      0.18129674
               793.75977                      0.18101331
               796.25586                       0.1807304
               798.75195                      0.18044804
               801.24811                      0.18016616
                803.7442                      0.17988462
                806.2403                      0.17960344
               808.73639                      0.17932262
               811.23248                      0.17904217
               813.72858                       0.1787621
               816.22467                      0.17848239
               818.72076                      0.17820306
               821.21686                       0.1779241
               823.71301                      0.17764551
               826.20911                      0.17736731
                828.7052                      0.17708948
               831.20129                      0.17681203
               833.69739                      0.17653497
               836.19348                      0.17625829
               838.68958                        0.175982
               841.18567                      0.17570608
               843.68176                      0.17543056
               846.17786                      0.17515544
               848.67401                      0.17488071
                851.1701                      0.17460637
                853.6662                      0.17433244
               856.16229                       0.1740589
               858.65839                      0.17378577
               861.15448                      0.17351303
               863.65057                      0.17324071
               866.14667                      0.17296879
               868.64276                      0.17269726
               871.13885                      0.17242616
               873.63501                      0.17215547
                876.1311                      0.17188519
                878.6272                      0.17161534
               881.12329                       0.1713459
               883.61938                      0.17107688
               886.11548                      0.17080828
               888.61157                      0.17054011
               891.10767                      0.17027237
               893.60376                      0.17000505
               896.09985                      0.16973817
               898.59601                       0.1694717
                901.0921                      0.16920568
                903.5882                       0.1689401
               906.08429                      0.16867496
               908.58038                      0.16841026
               911.07648                        0.168146
               913.57257                      0.16788218
               916.06866                      0.16761882
               918.56476                       0.1673559
               921.06085                      0.16709343
               923.55701                       0.1668314
                926.0531                      0.16656985
               928.54919                      0.16630875
               931.04529                      0.16604811
               933.54138                      0.16578793
               936.03748                      0.16552822
               938.53357                      0.16526897
               941.02966                      0.16501019
               943.52576                      0.16475189
               946.02185                      0.16449405
               948.51801                      0.16423668
                951.0141                       0.1639798
               953.51019                       0.1637234
               956.00629                      0.16346748
               958.50238                      0.16321204
               960.99847                       0.1629571
               963.49457                      0.16270248
               965.99066                      0.16244819
               968.48676                      0.16219424
               970.98291                      0.16194062
                 973.479                      0.16168732
                975.9751                      0.16143437
               978.47119                      0.16118173
               980.96729                      0.16092945
               983.46338                       0.1606775
               985.95947                      0.16042589
               988.45557                      0.16017463
               990.95166                      0.15992371
               993.44775                      0.15967313
               995.94391                      0.15942289
                  998.44                      0.15917301
               1000.9361                      0.15892348
               1003.4322                       0.1586743
               1005.9283                      0.15842548
               1008.4244                      0.15817701
               1010.9205                      0.15792889
               1013.4166                      0.15768114
               1015.9127                      0.15743373
               1018.4088                      0.15718669
               1020.9049                      0.15694002
                1023.401                      0.15669372
               1025.8971                      0.15644778
               1028.3932                      0.15620221
               1030.8893                      0.15595701
               1033.3854                      0.15571217
               1035.8815                      0.15546771
               1038.3776                      0.15522364
               1040.8737                      0.15497994
               1043.3698                      0.15473662
               1045.8658                      0.15449368
               1048.3619                      0.15425112
                1050.858                      0.15400895
               1053.3541                      0.15376715
               1055.8502                      0.15352575
               1058.3464                      0.15328474
               1060.8425                      0.15304412
               1063.3386                      0.15280389
               1065.8347                      0.15256406
               1068.3308                      0.15232463
               1070.8269                       0.1520856
                1073.323                      0.15184697
               1075.8191                      0.15160875
               1078.3152                      0.15137093
               1080.8113                      0.15113351
               1083.3074                      0.15089651
               1085.8035                       0.1506599
               1088.2996                      0.15042372
               1090.7957                      0.15018795
               1093.2917                       0.1499526
               1095.7878                      0.14971767
               1098.2839                      0.14948316
                 1100.78                      0.14924907
               1103.2761                      0.14901541
               1105.7722                      0.14878217
               1108.2684                      0.14854935
               1110.7645                      0.14831697
               1113.2606                      0.14808503
               1115.7567                       0.1478535
               1118.2528                      0.14762243
               1120.7489                      0.14739179
                1123.245                      0.14716155
               1125.7411                      0.14693158
               1128.2372                      0.14670191
               1130.7333                      0.14647254
               1133.2294                      0.14624347
               1135.7255                       0.1460147
               1138.2216                      0.14578625
               1140.7177                      0.14555809
               1143.2137                      0.14533023
               1145.7098                      0.14510268
               1148.2059                      0.14487543
                1150.702                       0.1446485
               1153.1981                      0.14442188
               1155.6943                      0.14419555
               1158.1904                      0.14396957
               1160.6865                      0.14374389
               1163.1826                      0.14351853
               1165.6787                      0.14329348
               1168.1748                      0.14306876
               1170.6709                      0.14284435
                1173.167                      0.14262027
               1175.6631                      0.14239652
               1178.1592                      0.14217309
               1180.6553                      0.14194999
               1183.1514                      0.14172722
               1185.6475                      0.14150479
               1188.1436                      0.14128268
               1190.6396                      0.14106091
               1193.1357                      0.14083947
               1195.6318                      0.14061836
               1198.1279                       0.1403976
                1200.624                      0.14017718
               1203.1201                       0.1399571
               1205.6163                      0.13973736
               1208.1124                      0.13951796
               1210.6085                      0.13929892
               1213.1046                      0.13908022
               1215.6007                      0.13886187
               1218.0968                      0.13864388
               1220.5929                      0.13842623
                1223.089                      0.13820895
               1225.5851                      0.13799202
               1228.0812                      0.13777544
               1230.5773                      0.13755923
               1233.0734                      0.13734338
               1235.5695                      0.13712791
               1238.0656                      0.13691278
               1240.5616                      0.13669803
               1243.0577                      0.13648364
               1245.5538                      0.13626963
               1248.0499                      0.13605598
                1250.546                      0.13584271
               1253.0421                      0.13562982
               1255.5383                       0.1354173
               1258.0344                      0.13520516
               1260.5305                      0.13499341
               1263.0266                      0.13478203
               1265.5227                      0.13457105
               1268.0188                      0.13436044
               1270.5149                      0.13415023
                1273.011                       0.1339404
               1275.5071                      0.13373097
               1278.0032                      0.13352193
               1280.4993                      0.13331329
               1282.9954                      0.13310506
               1285.4915                      0.13289708
               1287.9875                      0.13268938
               1290.4836                      0.13248194
               1292.9797                      0.13227479
               1295.4758                      0.13206788
               1297.9719                      0.13186127
                1300.468                      0.13165492
               1302.9642                      0.13144884
               1305.4603                      0.13124305
               1307.9564                      0.13103753
               1310.4525                       0.1308323
               1312.9486                      0.13062734
               1315.4447                      0.13042267
               1317.9408                      0.13021828
               1320.4369                      0.13001417
                1322.933                      0.12981036
               1325.4291                      0.12960681
               1327.9252                      0.12940358
               1330.4213                      0.12920061
               1332.9174                      0.12899796
               1335.4135                      0.12879558
               1337.9095                      0.12859351
               1340.4056                      0.12839173
               1342.9017                      0.12819024
               1345.3978                      0.12798906
               1347.8939                      0.12778817
                 1350.39                      0.12758759
               1352.8862                       0.1273873
               1355.3823                      0.12718731
               1357.8784                      0.12698765
               1360.3745                      0.12678827
               1362.8706                      0.12658922
               1365.3667                      0.12639046
               1367.8628                      0.12619203
               1370.3589                      0.12599391
                1372.855                       0.1257961
               1375.3511                      0.12559861
               1377.8472                      0.12540142
               1380.3433                      0.12520457
               1382.8394                      0.12500803
               1385.3354                      0.12481181
               1387.8315                      0.12461592
               1390.3276                      0.12442034
               1392.8237                       0.1242251
               1395.3198                      0.12403018
               1397.8159                       0.1238356
                1400.312                      0.12364135
               1402.8082                      0.12344741
               1405.3043                      0.12325383
               1407.8004                      0.12306057
               1410.2965                      0.12286766
               1412.7926                      0.12267508
               1415.2887                      0.12248284
               1417.7848                      0.12229094
               1420.2809                      0.12209939
                1422.777                      0.12190818
               1425.2731                      0.12171732
               1427.7692                      0.12152682
               1430.2653                      0.12133665
               1432.7614                      0.12114684
               1435.2574                      0.12095739
               1437.7535                      0.12076828
               1440.2496                      0.12057954
               1442.7457                      0.12039115
               1445.2418                      0.12020309
               1447.7379                      0.12001524
               1450.2341                      0.11982764
               1452.7302                      0.11964029
               1455.2263                      0.11945318
               1457.7224                      0.11926632
               1460.2185                       0.1190797
               1462.7146                      0.11889334
               1465.2107                      0.11870723
               1467.7068                      0.11852136
               1470.2029                      0.11833574
                1472.699                      0.11815038
               1475.1951                      0.11796527
               1477.6912                      0.11778042
               1480.1873                      0.11759583
               1482.6833                      0.11741149
               1485.1794                      0.11722741
               1487.6755                       0.1170436
               1490.1716                      0.11686003
               1492.6677                      0.11667674
               1495.1638                      0.11649371
               1497.6599                      0.11631094
               1500.1561                      0.11612844
               1502.6522                      0.11594621
               1505.1483                      0.11576425
               1507.6444                      0.11558256
               1510.1405                      0.11540113
               1512.6366                      0.11521999
               1515.1327                      0.11503912
               1517.6288                      0.11485851
               1520.1249                      0.11467819
                1522.621                      0.11449815
               1525.1171                      0.11431838
               1527.6132                       0.1141389
               1530.1093                       0.1139597
               1532.6053                      0.11378078
               1535.1014                      0.11360215
               1537.5975                       0.1134238
               1540.0936                      0.11324573
               1542.5897                      0.11306796
               1545.0858                      0.11289048
               1547.5819                      0.11271329
               1550.0781                      0.11253639
               1552.5742                      0.11235978
               1555.0703                      0.11218347
               1557.5664                      0.11200746
               1560.0625                      0.11183174
               1562.5586                      0.11165633
               1565.0547                      0.11148121
               1567.5508                      0.11130641
               1570.0469                       0.1111319
                1572.543                       0.1109577
               1575.0391                      0.11078381
               1577.5352                      0.11061022
               1580.0313                      0.11043694
               1582.5273                      0.11026398
               1585.0234                      0.11009133
               1587.5195                      0.10991899
               1590.0156                      0.10974697
               1592.5117                      0.10957526
               1595.0078                      0.10940387
               1597.5039                      0.10923281
                    1600                      0.10906206

